1702340343004
1702340343014
1702340343024
1702340343034
1702340343044
1702340343054
1702340343064
1702340343074
1702340343085
1702340343094
1702340343104
1702340343119
1702340343124
1702340343134
1702340343144
1702340343154
1702340343164
1702340343174
1702340343185
1702340343194
1702340343204
1702340343219
1702340343224
1702340343234
1702340343244
1702340343254
1702340343264
1702340343274
1702340343286
1702340343294
1702340343304
1702340343319
1702340343324
1702340343334
1702340343352
1702340343354
1702340343364
1702340343374
1702340343385
1702340343394
1702340343404
1702340343422
1702340343424
1702340343434
1702340343451
1702340343454
1702340343464
1702340343474
1702340343485
1702340343494
1702340343504
1702340343518
1702340343524
1702340343534
1702340343552
1702340343554
1702340343564
1702340343574
1702340343584
1702340343594
1702340343604
1702340343618
1702340343624
1702340343634
1702340343651
1702340343654
1702340343664
1702340343685
1702340343694
1702340343704
1702340343717
1702340343724
1702340343734
1702340343750
1702340343754
1702340343764
1702340343785
1702340343794
1702340343804
1702340343817
1702340343824
1702340343834
1702340343851
1702340343854
1702340343864
1702340343885
1702340343894
1702340343904
1702340343915
1702340343924
1702340343934
1702340343948
1702340343954
1702340343964
1702340343983
1702340343984
1702340343994
1702340344014
1702340344024
1702340344034
1702340344047
1702340344054
1702340344064
1702340344080
1702340344084
1702340344094
1702340344114
1702340344124
1702340344134
1702340344148
1702340344154
1702340344164
1702340344181
1702340344184
1702340344194
1702340344214
1702340344224
1702340344234
1702340344247
1702340344254
1702340344264
1702340344280
1702340344284
1702340344294
1702340344336
1702340344354
1702340344364
1702340344380
1702340344384
1702340344394
1702340344413
1702340344414
1702340344424
1702340344448
1702340344454
1702340344464
1702340344481
1702340344484
1702340344494
1702340344512
1702340344514
1702340344524
1702340344546
1702340344554
1702340344564
1702340344579
1702340344584
1702340344594
1702340344612
1702340344614
1702340344624
1702340344645
1702340344654
1702340344680
1702340344684
1702340344694
1702340344712
1702340344714
1702340344724
1702340344744
1702340344754
1702340344778
1702340344784
1702340344794
1702340344812
1702340344814
1702340344824
1702340344844
1702340344854
1702340344881
1702340344884
1702340344894
1702340344910
1702340344914
1702340344924
1702340344944
1702340344954
1702340344976
1702340344984
1702340345011
1702340345014
1702340345024
1702340345044
1702340345054
1702340345079
1702340345084
1702340345112
1702340345114
1702340345124
1702340345147
1702340345154
1702340345182
1702340345184
1702340345211
1702340345214
1702340345224
1702340345243
1702340345244
1702340345254
1702340345280
1702340345284
1702340345311
1702340345314
1702340345344
1702340345354
1702340345382
1702340345384
1702340345411
1702340345414
1702340345448
1702340345454
1702340345477
1702340345484
1702340345517
1702340345548
1702340345554
1702340345585
1702340345613
1702340345614
1702340345648
1702340345688
1702340345717
1702340345747
1702340345783
1702340345784
1702340345809
1702340345814
1702340345848
1702340345880
1702340345884
1702340345913
1702340345914
1702340345942
1702340345944
1702340345976
1702340346017
1702340346044
1702340346076
1702340346112
1702340346114
1702340346144
1702340346154
1702340346164
1702340346174
1702340346184
1702340346194
1702340346204
1702340346214
1702340346224
1702340346234
1702340346244
1702340346254
1702340346264
1702340346274
1702340346284
1702340346294
1702340346304
1702340346314
1702340346324
1702340346334
1702340346344
1702340346354
1702340346364
1702340346374
1702340346384
1702340346394
1702340346404
1702340346414
1702340346424
1702340346434
1702340346444
1702340346454
1702340346464
1702340346474
1702340346484
1702340346494
1702340346504
1702340346514
1702340346524
1702340346534
1702340346544
1702340346554
1702340346564
1702340346574
1702340346584
1702340346594
1702340346604
1702340346614
1702340346624
1702340346634
1702340346644
1702340346654
1702340346664
1702340346674
1702340346684
1702340346694
1702340346704
1702340346714
1702340346724
1702340346734
1702340346745
1702340346754
1702340346764
1702340346774
1702340346784
1702340346794
1702340346804
1702340346814
1702340346824
1702340346834
1702340346845
1702340346854
1702340346864
1702340346874
1702340346884
1702340346894
1702340346904
1702340346914
1702340346924
1702340346934
1702340346945
1702340346954
1702340346964
1702340346978
1702340346984
1702340346994
1702340347004
1702340347014
1702340347024
1702340347034
1702340347044
1702340347054
1702340347064
1702340347077
1702340347084
1702340347094
1702340347104
1702340347114
1702340347124
1702340347134
1702340347144
1702340347154
1702340347164
1702340347176
1702340347184
1702340347194
1702340347204
1702340347214
1702340347224
1702340347234
1702340347244
1702340347254
1702340347264
1702340347276
1702340347284
1702340347294
1702340347309
1702340347314
1702340347324
1702340347334
1702340347344
1702340347354
1702340347364
1702340347376
1702340347384
1702340347394
1702340347408
1702340347414
1702340347424
1702340347434
1702340347458
1702340347464
1702340347478
1702340347484
1702340347494
1702340347508
1702340347514
1702340347524
1702340347534
1702340347544
1702340347554
1702340347564
1702340347574
1702340347584
1702340347594
1702340347607
1702340347614
1702340347624
1702340347640
1702340347644
1702340347654
1702340347664
1702340347674
1702340347684
1702340347694
1702340347718
1702340347724
1702340347741
1702340347744
1702340347754
1702340347764
1702340347774
1702340347784
1702340347794
1702340347806
1702340347814
1702340347824
1702340347839
1702340347844
1702340347854
1702340347864
1702340347874
1702340347884
1702340347894
1702340347906
1702340347914
1702340347924
1702340347939
1702340347944
1702340347954
1702340347971
1702340347974
1702340347984
1702340347994
1702340348004
1702340348014
1702340348024
1702340348037
1702340348044
1702340348054
1702340348071
1702340348074
1702340348084
1702340348094
1702340348104
1702340348114
1702340348124
1702340348137
1702340348144
1702340348154
1702340348170
1702340348174
1702340348184
1702340348194
1702340348204
1702340348214
1702340348224
1702340348238
1702340348244
1702340348254
1702340348269
1702340348274
1702340348284
1702340348303
1702340348303
1702340348314
1702340348324
1702340348335
1702340348344
1702340348354
1702340348368
1702340348374
1702340348384
1702340348401
1702340348404
1702340348414
1702340348424
1702340348435
1702340348444
1702340348454
1702340348468
1702340348474
1702340348484
1702340348500
1702340348504
1702340348514
1702340348524
1702340348536
1702340348544
1702340348554
1702340348566
1702340348574
1702340348584
1702340348600
1702340348604
1702340348614
1702340348633
1702340348633
1702340348644
1702340348654
1702340348667
1702340348673
1702340348684
1702340348699
1702340348703
1702340348714
1702340348732
1702340348733
1702340348744
1702340348754
1702340348766
1702340348774
1702340348784
1702340348799
1702340348804
1702340348814
1702340348830
1702340348833
1702340348844
1702340348854
1702340348863
1702340348874
1702340348884
1702340348896
1702340348904
1702340348914
1702340348929
1702340348933
1702340348944
1702340348963
1702340348963
1702340348974
1702340348984
1702340348994
1702340349004
1702340349014
1702340349027
1702340349034
1702340349044
1702340349061
1702340349064
1702340349073
1702340349084
1702340349093
1702340349104
1702340349114
1702340349126
1702340349133
1702340349144
1702340349160
1702340349163
1702340349173
1702340349183
1702340349193
1702340349204
1702340349214
1702340349225
1702340349233
1702340349244
1702340349260
1702340349263
1702340349273
1702340349291
1702340349293
1702340349304
1702340349314
1702340349358
1702340349374
1702340349394
1702340349403
1702340349413
1702340349423
1702340349434
1702340349443
1702340349456
1702340349464
1702340349474
1702340349490
1702340349494
1702340349504
1702340349513
1702340349523
1702340349533
1702340349544
1702340349556
1702340349564
1702340349574
1702340349589
1702340349594
1702340349604
1702340349623
1702340349623
1702340349634
1702340349644
1702340349656
1702340349663
1702340349673
1702340349688
1702340349694
1702340349704
1702340349723
1702340349723
1702340349733
1702340349743
1702340349756
1702340349763
1702340349774
1702340349787
1702340349793
1702340349804
1702340349819
1702340349824
1702340349834
1702340349844
1702340349854
1702340349863
1702340349873
1702340349885
1702340349894
1702340349903
1702340349919
1702340349923
1702340349933
1702340349951
1702340349953
1702340349963
1702340349973
1702340349984
1702340349993
1702340350004
1702340350017
1702340350023
1702340350033
1702340350050
1702340350053
1702340350063
1702340350073
1702340350083
1702340350093
1702340350104
1702340350117
1702340350123
1702340350134
1702340350149
1702340350153
1702340350163
1702340350173
1702340350183
1702340350193
1702340350203
1702340350217
1702340350223
1702340350233
1702340350248
1702340350253
1702340350264
1702340350282
1702340350283
1702340350294
1702340350303
1702340350314
1702340350323
1702340350333
1702340350347
1702340350353
1702340350363
1702340350380
1702340350383
1702340350393
1702340350403
1702340350413
1702340350423
1702340350433
1702340350447
1702340350453
1702340350463
1702340350479
1702340350483
1702340350493
1702340350503
1702340350513
1702340350523
1702340350533
1702340350545
1702340350553
1702340350563
1702340350599
1702340350604
1702340350616
1702340350624
1702340350633
1702340350645
1702340350653
1702340350663
1702340350679
1702340350683
1702340350693
1702340350714
1702340350723
1702340350734
1702340350744
1702340350754
1702340350763
1702340350779
1702340350783
1702340350793
1702340350811
1702340350813
1702340350823
1702340350834
1702340350848
1702340350853
1702340350863
1702340350880
1702340350883
1702340350893
1702340350909
1702340350913
1702340350923
1702340350944
1702340350953
1702340350963
1702340350976
1702340350983
1702340350993
1702340351009
1702340351013
1702340351023
1702340351042
1702340351043
1702340351053
1702340351063
1702340351079
1702340351083
1702340351093
1702340351110
1702340351113
1702340351123
1702340351144
1702340351153
1702340351163
1702340351177
1702340351183
1702340351193
1702340351210
1702340351213
1702340351223
1702340351243
1702340351243
1702340351253
1702340351263
1702340351279
1702340351283
1702340351293
1702340351310
1702340351313
1702340351323
1702340351344
1702340351353
1702340351379
1702340351383
1702340351393
1702340351411
1702340351413
1702340351423
1702340351444
1702340351453
1702340351476
1702340351483
1702340351493
1702340351512
1702340351513
1702340351523
1702340351550
1702340351553
1702340351610
1702340351632
1702340351656
1702340351680
1702340351683
1702340351716
1702340351723
1702340351745
1702340351753
1702340351780
1702340351783
1702340351813
1702340351813
1702340351823
1702340351847
1702340351853
1702340351881
1702340351883
1702340351914
1702340351943
1702340351943
1702340351953
1702340351978
1702340351983
1702340352013
1702340352045
1702340352053
1702340352078
1702340352083
1702340352112
1702340352113
1702340352141
1702340352143
1702340352153
1702340352176
1702340352183
1702340352207
1702340352213
1702340352242
1702340352243
1702340352278
1702340352283
1702340352313
1702340352313
1702340352346
1702340352374
1702340352383
1702340352414
1702340352447
1702340352483
1702340352510
1702340352513
1702340352546
1702340352577
1702340352612
1702340352613
1702340352644
1702340352685
1702340352717
1702340352753
1702340352753
1702340352763
1702340352773
1702340352783
1702340352793
1702340352803
1702340352813
1702340352823
1702340352833
1702340352843
1702340352853
1702340352863
1702340352873
1702340352883
1702340352893
1702340352903
1702340352914
1702340352923
1702340352933
1702340352943
1702340352953
1702340352963
1702340352973
1702340352983
1702340352993
1702340353003
1702340353013
1702340353023
1702340353034
1702340353044
1702340353054
1702340353064
1702340353073
1702340353083
1702340353093
1702340353103
1702340353113
1702340353123
1702340353133
1702340353143
1702340353153
1702340353163
1702340353173
1702340353183
1702340353193
1702340353204
1702340353213
1702340353223
1702340353233
1702340353245
1702340353253
1702340353263
1702340353273
1702340353283
1702340353293
1702340353303
1702340353313
1702340353323
1702340353333
1702340353344
1702340353353
1702340353363
1702340353373
1702340353383
1702340353393
1702340353403
1702340353413
1702340353423
1702340353433
1702340353443
1702340353453
1702340353463
1702340353473
1702340353483
1702340353493
1702340353503
1702340353513
1702340353523
1702340353533
1702340353543
1702340353553
1702340353563
1702340353576
1702340353583
1702340353593
1702340353603
1702340353613
1702340353623
1702340353633
1702340353643
1702340353653
1702340353663
1702340353675
1702340353683
1702340353693
1702340353703
1702340353713
1702340353723
1702340353733
1702340353743
1702340353753
1702340353763
1702340353775
1702340353783
1702340353793
1702340353803
1702340353813
1702340353823
1702340353833
1702340353843
1702340353853
1702340353863
1702340353874
1702340353883
1702340353893
1702340353908
1702340353913
1702340353923
1702340353933
1702340353943
1702340353953
1702340353963
1702340353976
1702340353983
1702340353993
1702340354007
1702340354013
1702340354023
1702340354033
1702340354043
1702340354053
1702340354063
1702340354074
1702340354083
1702340354093
1702340354107
1702340354113
1702340354123
1702340354133
1702340354143
1702340354153
1702340354163
1702340354174
1702340354183
1702340354193
1702340354207
1702340354213
1702340354223
1702340354240
1702340354243
1702340354253
1702340354263
1702340354273
1702340354283
1702340354293
1702340354306
1702340354313
1702340354323
1702340354339
1702340354343
1702340354353
1702340354363
1702340354373
1702340354383
1702340354393
1702340354404
1702340354413
1702340354423
1702340354439
1702340354443
1702340354453
1702340354463
1702340354473
1702340354483
1702340354493
1702340354505
1702340354513
1702340354523
1702340354537
1702340354543
1702340354553
1702340354570
1702340354573
1702340354583
1702340354593
1702340354603
1702340354613
1702340354623
1702340354636
1702340354643
1702340354653
1702340354669
1702340354673
1702340354683
1702340354694
1702340354719
1702340354723
1702340354739
1702340354743
1702340354753
1702340354769
1702340354773
1702340354783
1702340354793
1702340354804
1702340354813
1702340354823
1702340354836
1702340354843
1702340354853
1702340354871
1702340354873
1702340354883
1702340354905
1702340354913
1702340354924
1702340354966
1702340354987
1702340355005
1702340355013
1702340355023
1702340355039
1702340355043
1702340355053
1702340355069
1702340355073
1702340355083
1702340355105
1702340355113
1702340355123
1702340355137
1702340355143
1702340355153
1702340355172
1702340355173
1702340355183
1702340355202
1702340355203
1702340355213
1702340355235
1702340355243
1702340355253
1702340355269
1702340355273
1702340355283
1702340355301
1702340355303
1702340355313
1702340355335
1702340355343
1702340355353
1702340355367
1702340355373
1702340355383
1702340355399
1702340355403
1702340355413
1702340355433
1702340355433
1702340355443
1702340355453
1702340355466
1702340355473
1702340355483
1702340355499
1702340355503
1702340355513
1702340355536
1702340355543
1702340355565
1702340355573
1702340355583
1702340355601
1702340355603
1702340355613
1702340355632
1702340355633
1702340355643
1702340355665
1702340355673
1702340355683
1702340355698
1702340355703
1702340355713
1702340355732
1702340355733
1702340355743
1702340355765
1702340355773
1702340355783
1702340355799
1702340355803
1702340355813
1702340355859
1702340355881
1702340355900
1702340355903
1702340355913
1702340355933
1702340355943
1702340355966
1702340355973
1702340355998
1702340356003
1702340356013
1702340356033
1702340356043
1702340356066
1702340356073
1702340356103
1702340356103
1702340356113
1702340356134
1702340356143
1702340356167
1702340356173
1702340356199
1702340356203
1702340356231
1702340356233
1702340356243
1702340356265
1702340356273
1702340356297
1702340356303
1702340356331
1702340356333
1702340356343
1702340356366
1702340356373
1702340356400
1702340356403
1702340356439
1702340356443
1702340356472
1702340356473
1702340356501
1702340356503
1702340356536
1702340356571
1702340356573
1702340356601
1702340356603
1702340356635
1702340356700
1702340356728
1702340356756
1702340356783
1702340356813
1702340356841
1702340356869
1702340356908
1702340356936
1702340356971
1702340356996
1702340357003
1702340357013
1702340357023
1702340357033
1702340357043
1702340357053
1702340357063
1702340357073
1702340357083
1702340357093
1702340357103
1702340357113
1702340357124
1702340357133
1702340357143
1702340357153
1702340357163
1702340357173
1702340357183
1702340357193
1702340357203
1702340357213
1702340357223
1702340357233
1702340357243
1702340357253
1702340357263
1702340357273
1702340357283
1702340357293
1702340357303
1702340357313
1702340357323
1702340357333
1702340357343
1702340357353
1702340357363
1702340357373
1702340357383
1702340357393
1702340357403
1702340357413
1702340357423
1702340357433
1702340357443
1702340357453
1702340357463
1702340357473
1702340357483
1702340357493
1702340357503
1702340357513
1702340357523
1702340357535
1702340357543
1702340357553
1702340357563
1702340357573
1702340357583
1702340357593
1702340357603
1702340357613
1702340357623
1702340357634
1702340357643
1702340357653
1702340357663
1702340357673
1702340357683
1702340357693
1702340357703
1702340357713
1702340357723
1702340357733
1702340357743
1702340357753
1702340357763
1702340357773
1702340357783
1702340357793
1702340357803
1702340357813
1702340357823
1702340357844
1702340357853
1702340357867
1702340357873
1702340357883
1702340357893
1702340357903
1702340357913
1702340357923
1702340357933
1702340357943
1702340357953
1702340357965
1702340357973
1702340357983
1702340357993
1702340358003
1702340358013
1702340358023
1702340358033
1702340358043
1702340358053
1702340358064
1702340358073
1702340358083
1702340358093
1702340358103
1702340358113
1702340358123
1702340358133
1702340358143
1702340358153
1702340358165
1702340358173
1702340358183
1702340358197
1702340358203
1702340358213
1702340358223
1702340358233
1702340358243
1702340358253
1702340358263
1702340358273
1702340358283
1702340358296
1702340358303
1702340358313
1702340358323
1702340358333
1702340358343
1702340358353
1702340358363
1702340358373
1702340358383
1702340358395
1702340358403
1702340358413
1702340358423
1702340358433
1702340358443
1702340358453
1702340358463
1702340358473
1702340358483
1702340358495
1702340358503
1702340358513
1702340358528
1702340358533
1702340358543
1702340358553
1702340358563
1702340358573
1702340358583
1702340358594
1702340358603
1702340358613
1702340358628
1702340358633
1702340358643
1702340358653
1702340358663
1702340358673
1702340358683
1702340358695
1702340358703
1702340358713
1702340358728
1702340358733
1702340358743
1702340358753
1702340358763
1702340358773
1702340358783
1702340358795
1702340358803
1702340358813
1702340358827
1702340358833
1702340358843
1702340358861
1702340358863
1702340358873
1702340358883
1702340358893
1702340358903
1702340358913
1702340358926
1702340358933
1702340358943
1702340358960
1702340358963
1702340358973
1702340358983
1702340358993
1702340359003
1702340359013
1702340359026
1702340359033
1702340359043
1702340359060
1702340359063
1702340359073
1702340359083
1702340359093
1702340359103
1702340359113
1702340359126
1702340359133
1702340359143
1702340359161
1702340359163
1702340359173
1702340359194
1702340359203
1702340359213
1702340359234
1702340359243
1702340359259
1702340359263
1702340359273
1702340359293
1702340359303
1702340359313
1702340359328
1702340359333
1702340359343
1702340359358
1702340359363
1702340359373
1702340359392
1702340359393
1702340359403
1702340359413
1702340359423
1702340359433
1702340359443
1702340359457
1702340359463
1702340359473
1702340359491
1702340359493
1702340359503
1702340359526
1702340359533
1702340359543
1702340359558
1702340359563
1702340359573
1702340359590
1702340359593
1702340359603
1702340359627
1702340359633
1702340359643
1702340359656
1702340359663
1702340359673
1702340359690
1702340359693
1702340359703
1702340359727
1702340359733
1702340359743
1702340359756
1702340359763
1702340359773
1702340359791
1702340359793
1702340359803
1702340359825
1702340359833
1702340359856
1702340359863
1702340359873
1702340359889
1702340359893
1702340359903
1702340359923
1702340359933
1702340359955
1702340359963
1702340359973
1702340359990
1702340359993
1702340360003
1702340360051
1702340360071
1702340360073
1702340360091
1702340360093
1702340360103
1702340360122
1702340360123
1702340360133
1702340360155
1702340360163
1702340360188
1702340360193
1702340360203
1702340360221
1702340360223
1702340360233
1702340360255
1702340360263
1702340360286
1702340360293
1702340360303
1702340360319
1702340360323
1702340360333
1702340360354
1702340360363
1702340360386
1702340360393
1702340360403
1702340360418
1702340360423
1702340360433
1702340360452
1702340360453
1702340360463
1702340360486
1702340360493
1702340360521
1702340360523
1702340360533
1702340360553
1702340360563
1702340360586
1702340360593
1702340360621
1702340360623
1702340360633
1702340360653
1702340360653
1702340360663
1702340360687
1702340360693
1702340360721
1702340360723
1702340360733
1702340360755
1702340360763
1702340360791
1702340360793
1702340360827
1702340360853
1702340360863
1702340360886
1702340360893
1702340360917
1702340360923
1702340360953
1702340360953
1702340360963
1702340360988
1702340360993
1702340361020
1702340361023
1702340361057
1702340361063
1702340361089
1702340361093
1702340361126
1702340361159
1702340361195
1702340361228
1702340361258
1702340361293
1702340361326
1702340361333
1702340361343
1702340361353
1702340361363
1702340361373
1702340361383
1702340361393
1702340361403
1702340361413
1702340361423
1702340361433
1702340361443
1702340361453
1702340361463
1702340361473
1702340361483
1702340361494
1702340361503
1702340361513
1702340361523
1702340361533
1702340361543
1702340361553
1702340361563
1702340361573
1702340361583
1702340361593
1702340361603
1702340361613
1702340361623
1702340361633
1702340361643
1702340361653
1702340361663
1702340361673
1702340361683
1702340361693
1702340361703
1702340361713
1702340361723
1702340361733
1702340361743
1702340361753
1702340361763
1702340361773
1702340361783
1702340361793
1702340361803
1702340361813
1702340361823
1702340361833
1702340361843
1702340361853
1702340361863
1702340361873
1702340361883
1702340361893
1702340361903
1702340361913
1702340361933
1702340361943
1702340361953
1702340361963
1702340361973
1702340361983
1702340361993
1702340362003
1702340362013
1702340362024
1702340362033
1702340362043
1702340362053
1702340362063
1702340362073
1702340362083
1702340362093
1702340362103
1702340362113
1702340362123
1702340362133
1702340362143
1702340362156
1702340362163
1702340362173
1702340362183
1702340362193
1702340362203
1702340362213
1702340362223
1702340362233
1702340362243
1702340362255
1702340362263
1702340362273
1702340362283
1702340362293
1702340362303
1702340362313
1702340362323
1702340362333
1702340362343
1702340362354
1702340362363
1702340362373
1702340362383
1702340362393
1702340362403
1702340362413
1702340362423
1702340362433
1702340362443
1702340362454
1702340362463
1702340362473
1702340362486
1702340362493
1702340362503
1702340362513
1702340362523
1702340362533
1702340362543
1702340362553
1702340362563
1702340362573
1702340362586
1702340362593
1702340362603
1702340362613
1702340362623
1702340362633
1702340362643
1702340362653
1702340362663
1702340362673
1702340362685
1702340362693
1702340362703
1702340362713
1702340362723
1702340362733
1702340362743
1702340362753
1702340362763
1702340362773
1702340362784
1702340362793
1702340362803
1702340362817
1702340362823
1702340362833
1702340362843
1702340362853
1702340362863
1702340362873
1702340362884
1702340362893
1702340362903
1702340362917
1702340362923
1702340362933
1702340362943
1702340362953
1702340362963
1702340362973
1702340362985
1702340362993
1702340363003
1702340363016
1702340363023
1702340363033
1702340363043
1702340363053
1702340363063
1702340363073
1702340363083
1702340363093
1702340363103
1702340363118
1702340363123
1702340363133
1702340363149
1702340363153
1702340363163
1702340363173
1702340363207
1702340363222
1702340363223
1702340363233
1702340363251
1702340363253
1702340363263
1702340363273
1702340363283
1702340363293
1702340363303
1702340363315
1702340363323
1702340363333
1702340363349
1702340363353
1702340363363
1702340363373
1702340363383
1702340363393
1702340363403
1702340363417
1702340363423
1702340363433
1702340363449
1702340363453
1702340363463
1702340363483
1702340363493
1702340363503
1702340363516
1702340363523
1702340363533
1702340363550
1702340363553
1702340363563
1702340363603
1702340363619
1702340363623
1702340363633
1702340363648
1702340363653
1702340363663
1702340363682
1702340363683
1702340363693
1702340363703
1702340363715
1702340363723
1702340363733
1702340363748
1702340363753
1702340363763
1702340363782
1702340363783
1702340363793
